Chromosome	Position	MAF
2	10587	0.0259935
2	10596	0.0267249
2	11274	0.0303286
2	11276	0.0395959
2	11320	0.162068
2	11336	0.0375014
2	11357	0.0375929
2	11486	0.0377296
2	11607	0.0378815
2	11834	0.0378827
2	11842	0.044395
2	11985	0.0705151
2	12154	0.0398744
2	12220	0.0272735
2	12240	0.0274467
2	12320	0.0369643
2	12371	0.0341159
2	12444	0.0379973
2	12618	0.0379366
2	12697	0.0273154
2	12994	0.0486561
2	13133	0.0338179
2	13241	0.120676
2	13651	0.0379699
2	13750	0.0380224
2	14485	0.0374716
2	14983	0.0343556
2	15491	0.0380071
2	15562	0.0379201
2	15672	0.0276241
2	15703	0.0101767
2	16323	0.0273817
2	16909	0.0389278
2	16937	0.0357839
2	17367	0.0272901
2	17822	0.0315956
2	18506	0.0448214
2	18588	0.0246387
2	18674	0.033827
2	19969	0.0399837
2	21243	0.0367177
2	21494	0.0377662
2	21833	0.0367498
2	22253	0.0335278
2	22398	0.0654458
2	23368	0.328459
2	24263	0.0168094
2	24839	0.0367678
2	25369	0.0274056
2	25806	0.0659053
2	26844	0.0649526
2	27572	0.0647253
2	27738	0.0278195
2	28228	0.0342256
2	28722	0.0349433
2	28754	0.0279319
2	28780	0.0661857
2	28786	0.065388
2	28878	0.0273231
2	29006	0.0387658
2	29068	0.0661031
2	29113	0.0275329
2	29391	0.0274269
2	29422	0.112937
2	29443	0.0869225
2	29970	0.111158
2	30091	0.110092
2	30576	0.0274226
2	30740	0.027325
2	30762	0.702882
2	30940	0.110863
2	31221	0.0274244
2	31318	0.0832335
2	31324	0.0833306
2	31791	0.086415
2	32003	0.039656
2	32005	0.0659947
2	33012	0.0348136
2	33159	0.0274625
2	34049	0.0619338
2	34503	0.0339258
2	34831	0.027454
2	34930	0.0339542
2	35015	0.0274409
2	36326	0.0138194
2	36787	0.109794
2	37100	0.033941
2	37136	0.0275377
2	37394	0.0339341
2	38101	0.0339974
2	38219	0.110892
2	38733	0.109881
2	38938	0.0768914
2	39340	0.109876
2	39356	0.0698296
2	39555	0.121893
2	40569	0.110845
2	41366	0.120891
2	41404	0.109308
2	41720	0.0273461
2	43092	0.0373151
2	43210	0.0339501
2	43362	0.0336738
2	46411	0.0219539